69072
-83248
-35097
-67502
-45511
-4856
79801
-44398
-31152
51276
-88344
50183
34768
12080
-42741
-53212
52305
-29476
-36783
-82519
-69167
-48145
-87051
23556
97619
1878
83827
-63184
-3971
43528
20313
94840
12674
77171
3080
-46834
18973
-18123
-12486
17502
-22939
50454
52315
78263
51378
-47007
-3434
21978
-21100
-51655
-89464
-27876
28732
-60616
55104
51392
62124
38597
-17985
48307
30561
8810
-66090
-56698
15915
-75614
-80158
17170
-94226
-663
52607
62418
19544
36913
30311
-51137
62341
58968
-81070
98734
21494
48967
-9743
47069
51946
-62275
55264
-89532
7633
-27670
-98510
14628
-99055
22259
55031
38553
1699
-84339
71637
-8436
-10329
-70229
83527
-4412
21827
-8435
64868
94836
25891
-92970
29594
-39567
73586
-7639
55079
-50665
65366
-56691
38786
89695
79759
58921
-90905
12939
62823
88553
97181
-59130
68996
-3960
-87910
44139
-81672
-40441
73670
63411
41722
-605
-47183
-55677
-662
-94353
-57161
18549
96312
53219
18813
26632
34911
77439
-59696
53851
-28020
-11482
69563
-96939
-68716
-53062
-69010
-30342
96639
-41436
22596
34133
-31903
-36462
83425
-79191
70241
34134
-19564
68294
-47553
-89635
-66116
54671
-78503
33780
1170
21975
-8049
81215
47113
73048
-98695
27793
77944
78442
45863
24693
-11726
1575
-25578
-53754
16367
63013
82390
-20078
3406
-64158
-77415
23029
-86239
-23811
-6233
-25843
36303
22643
52329
-42237
20587
-40673
-65992
-57629
17659
-92306
12064
-83903
64253
28402
8743
92831
83142
37376
-51948
57787
-73486
-55219
59796
-48268
29851
51521
93067
-25460
25481
-66478
-49391
66518
90895
18552
-41161
-64085
5632
70990
28839
-23533
2435
53058
-81585
94646
32757
-66528
70777
76549
93381
17312
-69916
88886
-30222
-55437
-8069
54966
24918
-69545
-19588
-37523
-45798
-78642
-1471
85309
83479
26843
22210
27615
-31245
58292
-48628
-3228
-22609
77947
17809
-29120
35833
88065
40012
-29099
55214
-46473
11086
-28143
30869
-28223
-23784
-17037
55264
-33828
31401
61126
48586
49765
-11526
39846
-85948
-34675
-18758
-22681
-70644
64601
29101
-43332
-12714
29490
54850
-58407
-83743
-80448
71899
-96273
-99707
62899
41645
-22324
-33310
-56143
54072
18800
-75479
-79192
56359
39836
-51125
-41725
-41749
76314
33639
-44895
-55564
-88873
46838
95054
-9534
150
-96628
-62604
71133
55158
-68208
-98319
-38463
44946
-63414
38230
-60965
-15524
86407
96564
-63650
-13130
57248
-35215
99832
82290
-66296
71311
-41694
46138
45604
63156
-90386
43379
24194
35014
52448
15628
70943
-84750
19887
-37544
-92957
10252
-54735
89113
96423
-83545
-43494
68457
69502
-68421
-43124
57566
36173
-64205
-57686
86363
67107
54081
-58787
46687
-34398
84649
-45031
76375
96774
-67759
67998
-60617
4213
29636
-79835
-24670
-28171
-12122
-89225
46598
28010
-6654
25151
-56609
-44757
74506
-13048
-99460
1898
41048
-2231
63116
24350
-75001
-73922
48503
-63592
35419
41399
-86147
87768
31423
-42649
-33733
27225
29065
42109
43728
3910
63265
66971
-57242
-46641
66686
39663
-84127
-11158
45354
28881
69868
95663
86202
-622
-36229
64902
80327
-28071
28355
67055
33935
75048
51823
-20594
-26760
-24339
51116
-42801
-83847
28245
69852
-46822
-56391
-70012
-90550
93453
-69529
95786
-85659
-3476
95564
59253
23353
-7019
-12360
-67450
-83192
-17760
69254
-18580
64157
62903
-79209
-53532
-9228
-26324
95338
-44254
86068
-39879
-20234
4578
-38275
-10282
-64179
-5138
2542
52407
71695
-44390
-87022
-58109
-98168
-51537
-89217
95380
15875
-90233
-41572
84718
-13959
-77239
-97030
-184
-5376
-78472
-25051
-19181
-23921
-14371
-87870
23585
-23973
12341
-10984
-56942
21026
76375
29013
-49958
-9073
-76965
-45400
74748
-80496
-44864
-34836
-44316
50733
-47277
99485
85410
78759
89451
93724
-1159
35321
79667
-20254
-64130
27685
43003
2672
-78816
20715
-8331
96924
-37317
75784
-64914
83656
634
-62559
42736
36176
-54237
69786
17167
43655
-5080
-29772
54477
32424
40666
-81527
-341
51498
17139
-80763
-25015
24773
-21099
51795
-27606
-53137
93200
45463
42373
85247
83549
-91957
87906
6696
85605
85792
1375
-17544
-34266
44249
-38186
-52123
-4848
-85325
-52553
29617
52488
719
97944
47353
72141
71467
-33754
99328
61144
-94405
-9106
-63580
-80616
24260
32789
-21672
-80489
-16764
90562
79794
-88234
43615
39883
-28306
80586
36731
83931
-44904
49758
75379
-17726
-22595
65117
-8467
-58280
52428
55980
-87473
42913
89437
-99232
-91981
1769
95398
-73020
29831
51223
-30137
59489
98177
-49293
54740
-71339
35059
27148
52750
-21678
17392
-65052
13200
14894
44462
4308
64228
72876
2429
30590
-71
-7775
50788
-38886
48512
5793
-30982
-27169
11934
35725
-78342
79948
-80169
-25658
-37027
25433
97083
323
75755
1110
-44976
67440
66009
-32299
13858
74466
-52803
-19877
53109
-54401
43273
-13512
-15787
97404
61230
-82780
-47947
8598
70919
-89747
58623
-13427
-99249
-8787
94111
-38349
48932
4364
53688
-43084
54867
-91875
20753
37675
23383
-76125
-31706
-43587
2516
-66789
-10039
5214
-2084
34657
-24292
-39005
-72705
58081
-23669
1404
-81852
2694
55506
12050
59107
-29393
7860
-41121
44045
-95035
27871
86974
85908
40262
-72972
-60488
70280
-93051
9561
-38867
-12165
-1997
-37356
18114
-16999
-62171
52380
-43095
-59969
53841
4295
10009
62421
-52432
-5877
-58477
-80902
9352
-54721
90949
2243
-66289
-572
5073
74837
90271
-24775
-71519
-50677
-94
52000
-20164
25180
-47840
1065
-85395
-74536
58989
53893
-25545
-66618
-9993
69147
83417
-23917
-71426
63732
-46761
90935
-40361
-23142
44089
-42728
4991
-38557
63242
-31342
55232
-37220
-6522
92582
-25416
-63242
-95911
2900
-28297
94471
21491
53672
-3690
-51544
39189
76450
-51894
69625
-73284
2716
45767
-5603
1446
88739
-48681
-44018
67743
-13284
-40642
-12689
-63426
96268
-71363
-91748
-76459
-24114
-7104
-39720
4957
-28767
-63056
57569
79816
76834
-10002
-94771
43353
92590
-58696
32548
-39871
14471
-5493
-12713
-98082
58803
-94990
79766
58147
-31669
-75842
-44241
74586
78563
-41834
52508
-15516
-17364
55648
-65256
55853
-40034
31188
-21738
-5981
-13961
-76583
88026
-93554
123
-68252
-20723
76839
96160
-13091
29897
-96562
-16932
-62027
75774
71514
96541
95925
68167
40581
-75648
93624
11871
-62938
-93475
47785
10105
-74340
-52408
73791
-19308
16450
-73876
24374
27371
-94396
27440
-38582
80662
-61032
21374
-6059
37337
-29490
48840
-3666
-52236
-80020
-56044
-11017
84729
53829
73937
-64792
92747
19898
-23124
78464
42422
5772
-25786
-24984
-11021
8327
-659
80521
-53481
79218
22501
70481
-99733
82237
69294
-48857
-53852
-18606
16182
58989
54736
-87605
-59637
-25500
12380
49318
14249
-71209
-90571
14442
51595
-4415
-91694
33756
65388
-33343
80387
55149
53357
-17102
-81541
71048
-97087
21160
56769
-80771
-41729
-92843
-24858
-41586
-77215
59554
-27257
87021
67637
58877
36197
80536
-92365
68819
38050
89713
73751
-6300
38024
-46546
-87478
55426
31191
-28291
4123
19627
97065
-52237
57244
-23104
95016
42627
98061
-36134
80017
-48905
12034
21751
-10577
87620
-6786
46406
-13336
-23052
2280
-55846
-84463
-36848
-62181
7977
-13999
32985
-72857
97397
-37218
-35806
-2395
-2670
3813
-93028
-27334
-57873
-89967
-28280
51231
-85544
2857
48140
66266
1355
44294
-23087
18350
-80989
46447
64142
82075
-36698
51355
-76204
-36183
-54793
-21691
19043
-66388
82556
82053
45250
-2217
-31992
44896
625
-53129
18004
-8580
42230
-72910
7987
76761
22912
-87878
55711
-63791
-45980
-45631
45888
-88675
-21296
32284
-51487
-57512
83809
47033
-12523
77255
-9777
78562
-14485
-98148
69145
-77034
39548
82870
87601
48055
-82773
91841
-50245
70903
46747
11493
-50488
-32312
-14628
-8993
-93906
-42166
-90945
-66246
19487
39021
66510
80664
52417
45635
-53522
-79662
-10105
43412
49479
21528
44155
53563
28227
18331
55669
9243
-37396
74715
-50997
-3632
35023
-81333
81081
-94211
31543
-1271
72763
41933
87163
-10918
25874
-16404
-48553
96749
76706
-11243
-87111
-27797
-1126
-24756
-65340
35905
-64453
54843
21413
9355
20665
-97023
28544
-91045
-39799
-47228
-98478
-41847
-62956
-59483
-68503
-520
93660
69159
47624
90337
27716
12016
-92655
95562
-73746
89325
-52756
30747
-58695
6065
16945
-73574
-83189
-15855
55574
78671
-38032
66824
19459
-69334
-56032
91882
-37673
29374
16095
-52765
30578
37424
-9156
-83070
30579
26591
-50406
-38142
75643
-7049
-81740
-4571
70530
3338
-7162
998
-73572
15401
-1123
17572
-70354
25175
16785
-7642
85217
-87956
-65890
-46320
-91947
71062
82603
-79291
27032
36868
77152
-47574
61370
55870
43068
-89347
-331
74775
-12409
-4087
-57969
-65744
-37097
55454
44555
-96467
-56416
-91978
-97880
-72784
99455
66728
-36506
34042
-15252
69924
-1247
36137
97904
65466
-85577
67224
88586
16408
70422
-96171
12883
-46606
22700
-37508
46567
78950
37597
53558
44102
87091
-31159
9161
40351
-42617
39428
14353
84487
-67375
60522
-62356
-95831
81127
-22874
-86390
2154
17796
-1783
68229
40937
-36597
-19575
-16428
98544
74222
-71997
-30157
49341
85818
25917
60490
-70923
-81743
-97990
53790
-56037
-76662
-26086
51924
89283
-83981
10248
-99966
50066
-7712
-1796
-77435
59058
-92292
49597
-74836
-1700
-49058
-87224
-81907
-41979
51555
86152
53275
-37696
-46991
-53277
-90238
-29408
-34186
47948
-93950
-99563
80199
-36031
77325
59714
-26309
-13877
41852
17418
33356
-66259
10339
-47483
-45079
88863
-42250
-39058
-77699
-79028
-51696
-81734
-77050
22773
44784
39560
55684
-29999
-39702
-89420
70185
43021
-37748
-83007
5802
75825
85950
-32499
93966
-23750
-1077
-35955
-57444
47182
-95403
-4800
-62575
57731
65196
26382
-53315
-67343
68510
94621
12749
-47905
93782
-37238
21452
2013
9198
-48331
49629
-12630
-567
-27209
19013
41294
-18056
11869
-26973
6739
67667
22670
-74391
78847
57221
56889
-45394
-4893
-80371
57903
-78987
-49761
82390
-30376
-20360
-47215
94194
-61363
41052
573
66165
12317
99687
40457
-84055
-64538
-9394
-78647
20986
-3935
52754
95870
-78038
98229
70703
39294
-72172
-6144
-17171
-41652
3249
62804
21004
-42748
-65529
-4202
79612
89812
6088
-28363
50014
-64904
-46526
-81822
51612
8438
61903
62586
63461
-2051
-69577
37779
49648
15574
95771
-5107
-99191
-73869
-75331
-86672
-88400
-32087
53161
35123
-38823
2135
80140
-68196
-75098
59365
-61705
-25900
-63772
73703
-32652
39582
-48698
-19656
-61171
54067
96788
14482
98545
16581
-59302
46232
-7195
-6969
19120
-75744
-711
-36086
-45597
29719
16548
-80104
-47118
94703
-60950
-67345
-90710
53028
-91962
89653
98695
41030
-11306
70807
-12237
45127
-32623
49684
20955
-65738
97186
-97968
84237
70030
33320
-66634
96986
1876
72814
21843
-48611
-39042
92207
-80068
71053
90594
-27223
-23048
34517
57194
34590
48520
-89213
24685
-16734
89586
6857
15575
15220
88472
-17171
74584
-74430
62076
52253
-41015
58312
14457
-28298
38472
25321
-86151
-65992
80137
11871
-87472
-92816
-17042
-13433
67874
-78432
-80713
-44789
-37211
-93530
-78587
-53661
-74959
-33664
-58394
-12424
-62919
-89974
-45657
77418
37379
-74934
13322
-40006
-43182
-28045
99415
-58971
60379
33237
-74862
-28824
-23077
56608
-1611
97146
-69906
78682
-37137
30770
18598
52008
36018
-15610
50442
63908
36797
73442
-28694
3644
-63605
60837
7506
-74003
-52749
23953
-46692
58587
-93984
-3789
84606
43273
48841
-93668
72944
-35764
83705
17392
10839
71926
74605
32334
58685
-42701
-68513
72609
6363
21523
39600
-10734
48802
-31158
-88398
-70258
-3164
-4831
-34923
-59582
58060
94660
-90312
-86056
-45247
8321
95831
93254
6963
-79221
-61960
-99531
99006
93368
13395
89311
52
46599
26993
61435
-46563
49826
57314
92823
-91174
37963
-90889
-43668
63483
-45971
-67847
89415
-60163
21137
13541
-95681
58700
-70365
41759
-47857
23223
-89969
-1527
-91734
39154
-15355
-73466
-73175
-7058
83424
-89123
24898
-18781
-92597
-62135
93065
49304
-79381
-47101
-40166
76327
-14178
64371
54877
-30178
63381
37508
54367
56220
-72958
13835
96313
-46545
69811
68870
-38127
-46141
-97957
-81173
84689
75154
68433
-9769
72914
-65717
-33674
7274
-65206
76288
39219
87226
-26380
78060
61786
23818
-35856
1693
-45517
72630
29317
98244
-85068
55345
-20115
-18837
-67299
-25554
75667
18035
-13767
-76507
-3116
-32588
-57970
-10927
-52949
-8164
-40637
87706
-74936
31202
27045
-82184
-36437
-61577
30044
-53063
32729
-3212
-62048
-24044
44772
-62499
62254
92462
-48247
55892
7869
-22520
3114
78325
31355
26834
-44751
-72283
-69837
27288
44434
-50905
52521
56732
-60201
11182
-2096
-26822
8634
-20974
-4103
-18952
51000
77884
30206
-84639
57574
-73498
34600
-19512
97266
-27600
-26626
83140
12112
73731
10706
-42152
32519
79935
-92873
76940
11633
-53785
-65106
94257
-7284
57510
-65907
3460
-74280
83820
4876
8084
-87821
13912
-57858
-71222
28150
-97472
88722
-13767
-35902
-71319
-11133
46560
-50929
-79550
-69801
-37411
-36599
59265
64079
-15140
-12326
21352
9594
-20243
55544
68205
88469
17188
45777
-13802
-44589
59357
-43871
13117
-26206
-94771
-13411
16659
-5652
98575
66883
-67913
91041
-84020
-39233
64675
-14109
22308
69926
-94135
-931
-62556
69866
70327
33800
-13224
19847
-88001
-56295
-13638
66949
61586
-86634
-14443
90543
-60083
46842
-79633
-99073
90072
-59081
27369
39090
-91688
34699
41151
-56921
-75694
64160
-19028
31208
-191
35850
8291
-19233
39555
78668
-79598
90927
19901
-47834
-39780
-25444
-7212
-91970
-27980
-28367
5948
1001
49320
86084
-61164
25048
58061
-32083
-97540
-13783
-16113
-25743
33306
70307
82682
56674
-98320
13398
-61727
-87164
22275
9414
-30207
-64514
9346
-53670
-37943
30962
-84748
88465
-14804
59680
57687
-72497
48341
52475
-80048
21504
-28705
24337
-60395
-35286
926
-62443
71956
-81997
82975
95307
-64618
-88287
-29994
14803
56879
-69747
-3499
98072
6183
22555
43239
1856
-44406
9509
-97260
95375
57798
-18862
-85428
-32907
-26392
7952
-17956
76422
-441
64717
80777
11343
-12040
-42228
-95433
-74519
-24428
85087
11864
44779
-34577
-44711
-70403
-66658
-79970
68188
-38536
-80640
-65725
-82534
76822
43776
69019
21472
84590
-87597
-66372
38498
-75369
-32035
82201
50756
67797
61460
-47772
68626
12843
74477
75760
-52642
54200
93419
-57588
96241
-71988
91520
-39541
93880
-79004
44901
94006
-35603
-37004
70618
-36921
-62581
85032
-88729
73721
36804
81357
-69773
15876
99844
-95642
-59082
-65236
79945
51564
-60063
26447
51527
79459
-62258
-93825
-40325
45285
12033
67711
16957
32089
-73026
90042
-11287
51340
-87574
4891
-31306
-34753
36578
-51714
12624
-68177
-62391
-57726
93209
-48223
30740
-698
-34881
65005
17547
-45615
73038
-47247
-82157
-52271
35149
-62480
7292
65437
-53113
-17973
13237
-92191
31615
-11366
90132
38537
-57406
-51199
30222
-45601
46095
-98906
47462
-75035
52935
72259
73464
40430
-69780
29426
1289
19123
-39377
-63851
-29171
22548
67157
90082
25825
50692
96474
37422
1037
-71461
23722
67218
93742
711
-89349
-77602
22687
-36803
-36496
69001
-82088
22557
84825
-92597
71834
39790
56127
-40062
77022
-55411
69332
69586
-62152
-23852
98154
-35450
31198
-39095
-11499
82532
-23775
71900
73454
60697
83240
-93468
17110
17655
-61177
-26104
-91832
95923
78220
65475
11300
-58900
-18377
-10635
11266
57468
89510
-88364
-46310
77892
-31153
72996
-43477
-97651
-10273
-41636
-45416
51301
66501
88371
28761
59131
-81
66089
-20849
25232
-56041
-5971
-6581
13242
-66307
-18391
92926
34830
70337
16105
17414
65214
-50177
-45821
34568
45290
-45222
41411
40909
70398
19972
-36210
86071
15599
72626
-23314
-6419
-55676
8579
87088
40479
-73395
9399
14743
-79757
88718
82734
-24213
89420
-94702
28437
-50737
-16376
18698
50778
-53456
18984
77651
5117
38957
32553
-93490
59407
11174
99363
56252
3159
53161
-74347
-60110
-10050
52895
-28354
1271
56149
-52490
-94493
6611
57083
-85230
25115
52568
-57808
-58546
71727
-2229
17844
48887
31126
53228
95544
-26285
-37925
35487
-41314
-2002
61829
-24433
-95492
-88859
62145
-79268
-19850
-68923
-54510
-4681
-60356
-35189
-54445
75556
1218
90796
-32671
52322
-63470
-74372
-41741
-21911
-64575
33532
-25973
4620
-76311
28681
-59881
-56624
-93715
-48324
-75374
34297
-54393
-40631
37985
86562
43013
-65819
-43526
91504
94197
-42028
78338
-72374
38412
76745
85267
-34172
18947
28264
-71389
631
33093
98019
6308
-53449
16417
70714
-61069
68105
12174
84490
-85052
-37737
-20594
-31977
68670
-80029
-93728
52712
56690
-58600
-84976
8092
78257
-11920
-68671
-67939
58406
44322
-61769
7627
58175
-45941
56965
-34980
48090
86981
15213
25448
50922
23988
-85948
17246
2451
58349
-48915
-86371
70496
-69540
20920
-32693
-99263
45155
87764
35845
-31946
7219
82337
-60753
68190
77180
-14247
38188
-32800
56810
18778
26366
65925
-8769
20106
-47844
-28572
24293
-66122
-57302
-79402
58622
-20537
-21783
-77805
88101
22567
4405
27020
-83430
22675
68736
-93583
20507
-79091
92237
-6804
1047
66209
91347
66766
17870
-96197
-69842
62011
-76793
-84188
-81347
-38778
96699
-42228
-92085
-60386
35798
57161
-33267
-49997
-54313
-89376
12095
-5056
3988
56130
89886
-42604
31292
60074
-76311
-40359
79620
-19265
11325
-88604
-15304
-9540
-34756
-60532
-25072
-50504
-67391
-9143
32862
21783
-54694
-49536
-10649
-53780
-97514
-51001
-4698
36458
-16918
-2237
-19661
-49197
12794
83908
76061
-59102
-52311
95425
-83834
75298
-24901
-85019
32475
65797
74757
-20559
8070
-73608
-90792
67819
50263
13970
84595
30289
30772
-60638
7008
3554
-82175
-82211
-93952
56715
18515
9055
-52977
-88898
53284
-58214
55941
-31868
59542
82167
68752
-22086
13483
-49138
26338
-55906
-23927
27195
-93271
63728
52684
50165
-46204
2093
-284
-78884
-21689
-74968
-43049
-87974
52870
63151
-9730
18368
63366
45342
38906
14327
61626
22078
-84061
95003
78397
42034
-4232
-68941
-36953
-63333
73640
-57377
-99784
-95674
17244
89465
15223
-95141
-43066
-14718
-35086
61944
95200
12122
41091
1259
96695
-88010
-63269
9459
64656
46273
-24378
2627
75722
-6337
53616
84837
67138
-17458
52906
87477
57769
-43389
36297
69936
13864
-70992
33600
-32750
-62292
-87825
-61794
68104
-85620
56326
64449
57513
45943
33521
46714
-62989
84658
-84011
-5656
29182
-21587
-27311
-98565
75447
-19251
18192
79073
-11710
42966
-63893
-66632
89604
47555
69056
-30500
71706
22431
72895
-14336
87515
97166
63025
-53957
-73340
87861
10855
28254
-37771
43657
-8262
-1306
-19727
57519
78705
-43012
9944
36545
73112
10464
18018
69508
14553
44002
70628
-40321
-25412
91324
-25535
-5379
78936
45262
10917
-49084
-22841
20834
-52392
19719
45977
-47901
-23436
-16110
73066
-18427
-46942
32627
-36973
-92902
-43423
37589
75321
81440
-52432
-77718
2174
24284
-43668
83427
-86702
-8805
-95300
30246
72282
-20119
-19568
22658
-46083
-55532
50543
-20829
11282
-74313
-42237
15494
-81098
-19559
-95045
223
-57042
90404
-51915
-36894
21436
31509
-10828
-74591
92261
-25448
-39186
-71805
90054
-31804
90716
-85501
-74090
15212
86017
-38912
12217
90351
98923
-52814
81022
-40296
66540
63174
59848
6009
-71574
35422
68499
-36287
75347
-29452
-31986
-91197
43811
73717
71653
74324
40708
-23618
92249
-24496
44572
-51328
62885
74907
-58432
79187
27091
-5996
6041
41233
-3420
97517
60290
67562
53143
-29291
-80542
73461
46492
-92785
87852
80670
64080
61029
87597
11315
-25816
-16871
45260
35010
-66595
-57647
50575
41848
93002
-84138
11775
25529
23391
-84263
-24440
51299
59365
-44345
-59857
18851
-94251
-44720
84191
-27887
-15367
13861
89979
-15884
-17993
38636
57627
28043
19824
-2643
-29160
-6992
-79525
-19364
-18148
50877
51566
54298
-49470
-25975
33931
25435
5825
-43723
52224
-18468
-50841
-6363
29779
-26192
41481
-29047
-61408
-25341
92640
-46424
-68675
14245
30274
-36705
70800
-62310
-41616
-69881
-78236
47052
-80396
68198
4891
-28310
7250
-35881
67235
58695
15809
97330
-90683
20325
57165
-12555
-69596
-37791
64168
92976
72627
73427
57348
-47348
-6893
81225
-7715
13940
-21636
86240
58617
2650
15868
16584
26841
-87773
76393
-82561
31151
-97008
-80220
-77489
8963
-96383
-47853
-88682
77847
-28931
-58375
-63239
95967
88570
46354
-19859
-22975
-65072
86747
90822
-44332
70636
-80221
-49708
53481
-11829
-96494
-54741
-74925
88255
57625
39986
-9985
-11344
31359
-12343
-92026
-69759
-18226
-70815
13078
21807
39331
-90220
56828
-73738
62073
1191
60663
-50482
-31520
-29033
-37977
-85233
6779
64274
-28498
22514
36907
-23045
63260
-55680
-16697
85585
-47633
-41869
-93135
23621
-85432
43502
-80585
510
-27297
22462
-65956
24174
-23050
-47553
-3046
-9482
97604
56142
-72505
-28854
-12218
-60417
99005
76114
-60645
58770
92382
97236
45023
60562
-75522
-44048
-45796
35015
-33493
-78793
90664
94527
27120
45029
-24045
29448
44499
-40934
97427
-70412
-73535
8011
-83650
-71618
54950
75701
-22309
-16336
23560
52007
51651
52575
70780
50343
-21210
-6989
-90287
9082
85136
-39613
-43637
-51638
-12881
91900
12919
7765
-26038
-17502
43527
1432
-56654
-20749
41451
-52428
41323
-36461
64626
-52117
61749
-16387
12323
-36614
-80914
-2591
-81345
-2616
-26827
-90072
68167
20133
10358
-4516
-93485
5421
86307
-73765
-54761
-57945
-46909
-19962
-95800
-41887
-51128
-54349
72890
-24297
10814
839
26020
48899
-28593
-71814
33470
9850
56550
-66203
15510
-17673
-80754
-90200
-31528
-19371
90810
87720
3194
-28952
66942
4982
-84633
-91362
-90369
26020
-97175
28044
23240
67693
-20066
-90389
-9946
-34873
5227
57270
99159
29163
89902
67980
16825
-39481
-26865
2750
-18982
-52290
-41956
-3803
77378
-76885
65024
5146
-44716
97851
-84043
13961
98115
-14428
-22543
-98067
28302
-73635
-17604
46116
76092
23640
53083
4333
1963
-93345
-62780
534
76845
-61111
-11357
-29760
20066
-77086
24251
91701
-82838
-16565
72564
49928
41221
-76766
17192
-83892
76294
59270
33369
50175
-63880
96166
72200
13582
44782
-66936
-36884
-16610
-75961
-38495
-18362
53647
97456
28971
-13847
27596
20573
92667
65167
-6738
-88701
-37866
-74943
-42518
3261
-58556
90717
49829
44057
62592
-36560
68178
-37887
80544
72076
-64064
56640
85804
-74160
-10694
48961
91499
65729
-94238
26644
79454
85931
-75117
-16618
46666
34303
-44975
82787
94211
-37068
95088
-29037
-85765
7971
38193
-502
-65298
72009
-12757
-52813
22123
-65989
97293
46697
9553
48092
-13667
-57105
43504
78392
83949
53520
24374
-81348
-88133
-15953
-85883
-61314
33948
-81358
-13392
-89201
97437
22273
90201
-53527
99647
10368
53273
-62652
-11528
99060
-7796
70341
-72780
68647
67754
-96430
44035
-84742
-93776
40516
8458
-16430
28411
-45557
-97651
-73450
27932
-94056
40928
-54063
-48909
-59315
-78713
-76845
-19107
57986
72189
12409
-71029
-74417
70037
33193
-40113
44940
-2632
95250
-72197
-25223
-72584
-5970
95591
1929
-85223
-77022
16132
-61527
38906
-11812
-3881
18177
17884
73302
-34080
90651
-4942
-80742
-10088
74941
3465
33675
-47492
-66240
21718
-3046
75400
-9449
43023
-35102
-84821
-69372
-15271
-92861
-79294
76537
-58128
96751
-174
-56264
-62477
52631
-39322
-57059
-99271
-15468
-86319
-14613
-19591
84622
51861
9805
34537
-30114
-77284
51200
-4078
10332
69468
35689
96103
31275
-57117
70201
-35588
-96026
-66911
-66743
-35476
-75198
-99023
54387
55068
98241
195
-74886
-95010
-20596
48746
-46670
46050
-13912
-77604
-67048
61644
-51728
-64018
-58448
-70803
-39675
-4127
-70538
99190
-5570
11998
-59004
62195
-66698
-64807
-30162
25492
51812
-70323
56333
12649
-55429
42121
58340
92630
33382
41306
-55025
-11659
-88093
84676
24154
8138
69866
-3359
22085
47257
-38268
-35625
-37181
52075
23945
17607
80234
12119
-6127
-66461
-18616
2424
68088
-2498
-36582
48949
82150
-63974
3217
-68799
-53799
-19819
33574
87164
-28285
28982
34970
-99656
-95583
-61934
-31035
-50843
83057
90589
23823
-54960
54211
14796
41867
25348
-26512
35681
-52575
-83
-98085
-31728
-42858
69050
-30375
-81901
77204
-94056
-37413
98260
-35727
-31352
-83838
-64030
74558
52378
-85999
83038
28174
-64641
3101
75725
-84338
31485
-44514
-65943
-51895
67570
90704
62166
-96792
-73184
45821
-12423
-55406
-71465
66691
45196
-90695
-17751
34814
-31033
41739
46851
78686
43836
-64396
83550
-52277
-34807
48178
81732
-37769
-52839
-42443
-17653
-28157
-20558
-33398
57851
-27623
-45845
-37883
60025
81393
93183
48324
-85539
53759
69270
31312
35784
-77694
-53855
-88907
57098
-72873
47304
34356
-13507
-65076
-46121
-75884
92555
63463
14158
89903
-48284
-37018
-85946
18608
45042
-63933
15496
-72915
43584
77026
-2991
-74498
-76462
38758
96451
46595
12213
89024
-36608
62367
55940
-11203
-15251
87765
-8088
44511
56706
-37548
-58852
-14190
-27053
55030
99905
61571
-73930
-42264
88243
93900
80583
-57616
57860
-97893
63172
81038
48609
-52876
-40628
52783
-71421
-42565
-41082
-65907
74446
-16640
-36320
98236
69415
-79722
-97044
29868
-75785
-62371
-12136
23610
98356
-76779
-16652
-45275
50347
-43860
2547
-8384
-33141
-22059
-59720
18059
20776
-91467
-76963
51792
56600
9408
51301
753
50654
-91813
92184
92764
80267
-93342
-70810
-55979
-58655
-11984
44444
46481
-88382
-4393
-99128
-70493
35446
-7432
93070
15663
-83065
5607
-71437
-9164
17665
45515
44718
33303
62740
63054
-34536
88429
73229
-31562
-8184
-95995
-2287
-53132
-60609
-40340
-98488
12357
-51470
54306
60850
6245
66985
-41388
-62307
80722
-6752
-57136
47862
28103
-22190
61352
24101
-19909
-3935
21550
63009
66790
-93233
-56861
13321
-84065
-73497
94707
-96857
79803
-75662
76668
-20450
-35563
-46278
73256
94714
-68693
-77113
55663
-81707
-8406
-21997
-14194
30732
-74488
42329
39595
69338
95129
-28502
-63224
-21232
-71173
-95876
-58289
-42132
-93453
-62519
29452
25469
38038
95688
-89929
88125
-69310
-97291
-51797
57477
15048
61987
-29626
-5226
-53905
64168
-43393
63785
90255
-94651
-48388
-86045
-72088
65550
52366
-98006
-43672
-16720
81840
-40360
-15728
-59341
28214
-67778
75690
46710
-14285
50994
-54321
1336
-59977
31978
-42556
35819
47854
-69159
9281
93486
-54596
5976
-69147
43347
14893
-768
37410
-49125
78543
-81542
-16667
-2447
36382
-4047
-17360
-18486
51148
-30018
67892
3103
-22328
-27314
-74850
90953
-76840
-279
-86967
-63587
-2991
86403
-67462
54906
-47751
48538
-82103
-24539
13124
89148
45987
-24360
-26429
33268
18986
-65441
98245
82019
81813
-94700
38602
-67314
34565
-77892
43497
-64571
-99972
-78138
-30308
-73837
-48240
-6809
-29298
66594
2072
-86029
-61301
-12349
-48893
59465
86483
-60432
-14030
6306
62729
-42996
-79722
-65150
54703
-39650
-79039
32048
16262
68198
-46910
-68397
-57336
-13640
56217
61729
49767
32257
56877
-65822
-75309
68844
4084
57038
91076
-50465
-32575
22220
-93390
26236
6917
45980
65978
4334
-84584
76570
-18994
22179
-68100
17750
-76438
-67895
11747
-25547
-25303
-54980
70407
-57252
47550
46825
97146
-44178
29077
-80727
90060
-72908
15374
-10303
21636
98922
74470
-9600
-54207
31335
-82078
54648
31580
25308
18766
-58346
-13657
40423
5462
70625
94989
-17519
-65680
70751
-54608
33834
-21033
-70972
-29220
28461
99670
25435
22074
-4366
24495
-37416
43175
-66105
-39720
54094
-12641
-63602
-83543
-40520
-6582
9438
28799
-94819
51269
-85439
85642
-52707
75148
-49226
96681
10256
39937
-98562
-71047
-94288
-49316
66515
-43938
-47376
-77959
21390
-21310
97644
73080
-29607
50934
6658
89847
-82289
28447
-92531
-92333
81465
-67950
-22337
-13494
45419
-74298
-30132
-94336
-10363
25883
65492
97966
1769
94591
86486
-14620
-1529
7695
-83165
36526
-85728
-89481
-931
-55514
-29814
33096
-41491
-21483
-93689
-97968
-76649
-82759
-35905
88211
-76601
-27738
62920
95049
-84669
79938
72155
32279
-89479
3511
88403
-24680
41336
-97571
44805
-26600
66377
12217
82615
-84818
54846
40650
13487
-79918
-80486
-54986
-32189
48348
-84632
32655
4565
3902
-64547
-22177
-88369
-75622
-40973
41240
90080
85277
-46756
22762
9883
-592
52239
-47832
-2741
81712
-57291
881
39279
91122
77290
-64037
-40875
-98960
19932
29606
38261
24547
7780
-75432
-95979
79804
-7601
-84128
69182
31829
-4189
64333
56012
-55389
-67140
-9878
-57138
5962
98982
64724
37488
2282
61209
-26340
-97622
-87359
70964
-49066
87060
84427
-87349
59469
18079
-8812
-6843
-92528
95003
-58658
27720
-5082
74129
60019
-4612
77439
-26521
81910
-85179
28148
2752
84130
28490
29298
-42310
-46699
47356
81946
-6123
-41932
-37400
34785
32209
40037
-32449
-82600
55152
1733
-53570
-96130
-13086
80332
-26492
-52007
51266
-97343
46455
56989
31758
69335
-88325
-82792
-5566
96605
35550
87332
61171
98667
-68899
59264
-29626
31995
31211
59014
53725
-73717
-94636
-82173
58231
45373
-69204
8553
62297
-88278
-74304
-10311
-43012
19007
72891
-5279
-14689
-10812
83364
16002
71397
81379
44045
-65039
11862
40382
-10403
-40799
-13528
-81713
8382
38341
67692
98582
95605
73153
6381
-24812
55557
14117
-94866
-58723
61445
87208
74829
-14483
-62847
-80518
94500
-95792
-13830
-10531
49941
42252
-28634
38264
-2142
-18911
68911
-13923
55882
-78825
70546
-76128
-74808
56171
45254
29227
54053
-33830
21679
-67704
19944
74326
-78285
3431
-70353
-94612
73908
88306
29558
55384
56698
53257
99362
49229
999
181
-88667
86460
74116
65488
76662
-8543
87217
22511
-7528
28025
70368
-35571
26166
67209
45042
92142
-15582
-51215
92293
-59384
-74554
-29947
-61856
-82859
1941
80
14979
93787
82280
-82266
-756
99895
-20375
-51643
-84390
-35387
44982
36792
92482
2153
136
58702
-86292
-41563
34637
97427
13734
-46526
-39264
28092
-88096
-48097
22238
-74622
-89778
6215
-42774
70058
-72076
44279
72439
58140
74738
27247
-44452
-61759
-96555
-11753
9466
19375
-71226
-65034
-19805
-49399
20456
-78548
98739
-95349
-12713
-9308
-76698
-55415
16864
-75123
18093
44729
-26230
-64540
-18288
-60175
-57393
-75704
7822
68728
-42730
-85180
-77266
-83105
12133
75655
-50870
-95219
75609
92891
-77948
25087
43376
97958
3243
-65175
69020
95892
-33081
-6143
51912
58289
-95834
45597
-65845
86772
-72351
59389
99707
-8677
30917
23237
-25034
25680
-73895
55295
-91743
12300
-41973
60769
-92775
14697
-20540
-16532
20977
26759
23854
68483
-45337
-51275
-35173
-56309
44482
-99404
84418
58387
-83405
96309
43746
-30532
-32948
47770
-47141
-80345
16204
-26869
-25742
-29743
-70710
-27347
-88364
49396
-43586
-80438
24675
57859
-32994
-38535
33800
34285
45116
-32741
32098
35769
59289
-13910
-55984
69452
-43245
-8685
17041
-71884
-34243
31745
1427
38129
60474
-96458
33562
75284
23890
-33298
78353
26095
-57231
-77521
66493
-8698
91996
-85821
92422
64339
89076
-49180
-56657
76891
98774
8142
-56478
3896
62227
-6089
-67782
-95342
8002
-5035
-97566
-81954
41296
-17163
-67686
49727
-90891
15536
-38708
77524
94963
-94467
75584
29290
4401
29663
-91920
-26334
78168
-45870
37057
-33551
-97327
-78914
-22164
-27494
40657
-20205
17519
10097
-78772
-40055
-99349
-81086
26370
-83751
-45099
48106
-19982
75365
72547
-14578
20215
-89032
-22145
-23259
67441
13629
-2170
54690
-45017
73555
98898
10473
-20820
76989
16139
-87746
74633
-40688
-27241
-20862
-12968
-99190
55378
-78237
51841
-16892
-81895
-38531
25726
71553
-42494
38273
-43791
-72442
26271
81353
10001
26957
-30157
-50093
81218
38269
13642
44663
74175
-46042
-52818
-3388
2511
32605
-90540
-36476
-24092
-64225
53398
-95614
60596
-56290
-69241
51659
98455
49275
-50716
-93456
-28838
-21556
-55675
33993
65985
-85391
-70190
-30354
-68635
-31702
-36460
-79470
89739
4020
7181
86523
47721
-7813
46292
21505
-54418
-97245
66464
67788
-58134
82458
68259
-95391
75852
20566
66573
50636
78405
68375
97814
-70059
27883
13534
2253
69680
93464
31859
-47927
72779
53659
-62122
5
84977
-6054
-42851
-56952
78197
-33726
23265
76751
49847
67258
70398
91758
4182
-37239
88145
-13022
-30069
-94486
-98075
-51196
-68227
-93587
-43029
76678
-53565
81892
99001
27259
27364
-13040
96677
-17030
17917
34897
17780
-46251
-85177
-53341
43498
-17431
-74048
33471
-99687
26761
91172
26217
-23345
-27217
-15690
-88799
-29996
96296
4902
-20563
-90701
94039
-64782
-18046
16950
-87554
-44442
94918
-43947
61901
-55353
66370
11776
29224
-70034
90514
33388
56516
-24234
-96621
-64346
21212
-46069
49232
-60112
50382
-67726
-91188
62109
-82090
70011
-60359
15266
-70107
-70001
11981
49897
52376
-85594
-34536
80765
-19421
2640
-26142
-64448
-54318
8622
-5655
695
74225
-88320
80318
14896
45790
34125
58938
-58972
-71893
-28103
68585
-32860
79572
-75509
1439
-62705
-18955
-63632
27034
-32808
88324
-56485
-20024
74291
83938
-89269
-87874
-93758
-62235
7280
44977
61318
-27991
-35194
63381
-34287
18987
-59248
92255
20123
88664
-53982
-21439
64883
-54331
2436
60529
-98555
-85766
36587
-89998
36535
-4841
67369
58229
-85143
37310
40499
42033
76151
-53687
-30851
38177
-68563
-30361
-6308
-8513
-43551
25566
56
-86298
-53506
-52674
29688
-88931
-50629
18647
98166
52984
-33847
-20267
29205
-80117
-90961
-27616
-73899
27826
91717
-58374
-20700
-1206
66771
28741
25468
-2446
20996
39297
95535
-9818
97822
-56322
97279
-4082
-30461
-63516
-51626
-21405
-39212
-76067
58698
71841
54767
67213
-67744
-6478
46820
-3193
-10411
-118
-47452
56800
-60042
-30329
3088
32989
-20693
65497
-62709
16113
49814
-19859
-13360
-44605
-47325
-56253
80988
7676
-97981
34969
21159
-91769
-40621
-13182
16059
-33158
52845
7566
2747
-39608
-53082
-80085
-77088
9586
3690
-2955
-2150
-40515
48543
52412
4718
-71493
47217
54988
6761
86683
-62326
26137
-50233
-73124
56141
-80042
-82756
72895
-29591
61129
34418
-24622
-73416
-9628
-59082
46142
8734
7443
-88463
34413
-30050
-68046
44216
-62801
-48601
59041
-43784
74728
23983
-6657
35686
-90537
-65164
40110
-8147
26784
-73175
70259
35598
-1538
48488
-97510
9978
12249
30704
5016
92067
-85009
97978
-25648
94225
71229
-63555
55858
92834
52817
92814
-28728
40991
-20760
7006
-82165
47657
42019
-23220
-86522
-48128
-53548
-70495
21897
88837
54331
98131
-70593
-88771
-88278
-22454
-52435
30922
6035
38650
69494
30896
99790
-18369
-22463
-80545
-34122
81340
-37827
87958
-18112
-35727
66939
7027
-75755
-9315
-92807
18526
11000
-58244
-68523
-13783
-57005
96236
-80561
55340
5994
27355
5233
-57560
-91154
55200
47504
-23876
68783
-71070
-35308
-95980
-9763
-47379
-3763
-47381
20179
-13656
-84490
-48502
-24813
-65150
18216
-57778
76317
71132
14720
-10244
31408
-2713
-8541
75054
-91574
-36996
25313
-63075
-23406
85802
75908
-8100
-72378
-44043
-2820
-59312
43292
48765
83275
-96079
-69673
-7688
73262
-33787
-5510
85750
-82850
-21644
-35523
17917
-49676
70661
67619
-74705
49673
-39071
-57794
-66298
74910
-44840
-53094
91554
-37768
80422
-14102
-44780
16036
-97654
23603
41635
67425
-44559
-25635
-1608
-71456
15498
-88212
9778
-70288
-11245
60839
25035
-28624
-77624
-18592
-6465
-59538
-51923
-75634
-9841
40491
91014
-17956
-75593
-62920
83814
-76209
-46571
83188
-36903
84682
-31994
86577
34834
80752
96768
77547
9107
-27057
31842
-52393
-87938
33589
56915
49228
77604
15810
-16665
84112
9757
-56103
4335
98669
-55016
-33438
4556
15482
-95298
-17951
-88612
-86055
78426
61858
79294
-80410
-16859
73096
-26590
-32029
95986
47486
92239
5022
-96656
-30448
-83963
53657
-42387
-3170
-90366
47460
-32315
53941
2156
-85230
81776
-48851
-37658
-96885
25252
78453
76121
-5099
-3634
84589
-6670
-86199
92104
12349
11015
10466
-95375
-35526
43484
-94676
-96029
32936
-75012
-34975
50523
-59048
76288
-61217
81001
-36054
19851
83900
-95798
-63519
-3785
19523
78115
95368
57790
48163
8437
24007
-63745
-43020
-80034
-95825
-32895
78512
68746
-33703
82462
48442
-29180
8844
-75570
-36788
92062
27847
25337
49480
-13262
17505
-17033
30478
11172
16032
12397
53164
13062
-7112
-42133
21150
-9517
-58021
90332
-72769
-11810
-68398
80777
12332
2644
-36864
-41585
-66077
-44469
-8482
-88239
62255
9169
-39568
-39057
53805
-10658
-29395
-53239
55148
-46620
93404
-91936
89456
32066
29006
-20721
36002
91704
8382
-10446
-21761
-37478
66439
-17240
6234
-49383
-33212
44643
50943
-23685
-44849
-63008
-60957
76731
38483
-81632
-75579
-98636
77036
-53347
83729
83255
38771
-50252
-35933
94814
-4237
24122
20143
-54681
38136
33389
85812
71967
-38079
2463
66060
62299
-31132
-48842
-24303
-83085
-79595
-26915
-82690
48474
-86679
40162
18794
-159
64742
41141
15282
-50528
-43607
-98597
-28292
-97635
-19492
-27537
-23110
61075
-32681
-90840
59556
76864
-39890
-7851
46482
41895
-12813
-62744
40689
41239
-26266
-31708
-83022
-96051
-24592
-23912
39039
5684
-89880
64436
69195
42667
-77207
-31592
-10612
-11911
-94846
-13461
24379
45627
77997
92742
9348
48201
4160
88006
14515
-27534
-9336
-33147
52653
-19942
69804
22944
-46714
40300
-48243
77389
80600
46380
11954
25226
-24243
-6299
80123
-63452
14943
65564
-84437
-8352
8889
-7501
-42194
89776
45714
6709
54983
-60053
-78717
67371
-91962
58085
-78535
-61247
-20560
-79214
-48239
-15005
80887
-24630
59675
77096
-96634
37985
-95148
-25254
-56757
-5238
-69552
-90168
46645
79557
-58602
70013
-773
-71916
17563
53904
-13737
-22016
78306
42987
13333
-97137
-59530
54641
24738
82811
76802
-33233
79503
-21183
78242
-36172
-43926
-78908
-52350
6044
-7727
-87982
-89183
-36196
-30707
3131
58803
19476
62901
92024
-6340
72637
-73054
-62670
-97436
19935
3146
-30109
-87021
73886
54106
68038
-37626
-44223
-35133
29579
79056
82701
-68843
-93929
75131
66905
-1377
-81765
-74421
-60905
-13759
-666
12653
58595
-42757
-3888
31934
71159
31120
42763
-61667
76513
39207
70930
-80980
75290
36975
52523
38933
-1948
-7121
-46429
-32717
51116
-72148
38302
47019
4311
-96696
-35531
89746
-96394
40229
-71513
-11676
-85656
-15240
-53138
22702
7511
81945
-6462
6014
-8763
15577
26872
-78521
96150
57056
-53784
86487
40847
-95809
-88192
-18236
-47559
-67331
11950
-92704
-19182
-66255
-30772
53417
-93713
30459
52177
-20148
65858
91788
34633
42633
81003
-74357
52146
68448
-33000
-73426
-17513
24149
-53407
-38870
-75940
32768
90447
53952
40585
36133
-68729
62263
-94950
24153
52530
36098
-8846
44076
82438
40299
68311
97845
-4190
67826
-81795
-57196
77019
87386
144
3512
21707
60523
69939
23635
53992
13881
35503
-50469
93754
-66567
-40209
34415
-74477
95242
-55642
-94278
69548
29582
31287
99025
44571
-57812
-75133
-96295
88597
59106
-61521
-90682
-51088
70745
-46454
-8471
44126
-69528
98389
-48216
38711
-39050
-35964
62978
-17641
36900
69206
17920
-99248
94066
-12490
12787
-41053
-47941
77748
32923
23173
72915
90545
-33483
-83887
9857
-47096
40085
-96523
31892
-19778
80568
44527
-7247
-20403
40408
48949
49822
58467
14881
15733
-11713
-54344
-36134
-27684
2172
31719
-31499
48170
-67983
95561
94110
-34051
79537
22814
27338
-86034
-6904
53446
-79237
-76513
-49478
-76793
37877
-80616
28661
-1925
93932
-42493
39414
53895
-12736
91819
-7757
-55817
-49466
17593
1391
86525
60119
-23811
2284
-52904
98034
41124
-36943
-69544
35791
78850
4916
-37477
5148
-71312
42922
21084
-9272
97467
-62208
64023
-79546
49414
8978
-83307
-20750
-70638
-72968
-72804
23301
-2558
62686
-53260
69852
-14675
69295
81518
51500
-35704
80433
-66197
-40282
-41367
30349
58981
-10192
-32750
94767
-89078
-99709
23785
93815
-94765
-81580
-23175
99544
-51526
11765
-8782
-20036
-52037
3340
-87612
-63491
-45782
79014
-28379
-82224
45293
-63989
-80000
-99461
55030
-55347
9334
-6276
27225
-64792
62215
-21864
-75574
58564
-71539
22545
23510
-57998
-74432
75487
81378
72080
-46764
14004
-99914
-16942
91465
-47004
74418
-99229
-2651
41807
2093
-19220
-86931
-60931
-60948
-62939
-27363
88013
-62010
51031
-9609
53030
-42570
-92320
-93546
46225
97025
68861
-80600
-89185
58416
32007
-37601
49674
-30006
66388
40408
4567
-23906
25720
98934
-8858
16875
-73464
12845
36239
-50405
-35772
81778
-89169
-47108
-37631
-22579
-6863
-44936
56960
27458
56560
45461
14042
48952
-65742
9519
-1736
-38366
47674
2639
1797
99822
96866
43105
-92297
-76535
28499
78864
-3072
98138
77088
-60579
-37535
25856
5613
6926
22102
-90078
-94481
25579
34037
71604
14837
-45606
7023
-27496
72435
-78539
18533
84680
-28562
73528
-72697
-43817
-39922
28410
-59578
84377
-29515
-57185
16756
-27754
16816
56418
-13538
-59696
90403
-1917
-77838
-91667
39332
64121
-43068
68754
20355
73436
-69024
94395
-57826
-66604
95044
71911
-47638
-45612
95972
-6813
57785
75636
-97189
-35509
14248
4428
69206
28492
63336
89929
3385
93331
48670
-58218
-69184
74700
-21148
37565
-726
-30295
-94029
-81214
-90111
36336
-75521
-16661
-25902
-24194
61044
-58496
-56297
45277
-69063
-76097
42580
52870
-67800
-58837
48932
-65304
-41854
-82382
-61993
51002
-95563
55545
74958
-97430
-87905
59451
-41290
-70571
-34348
-33252
85759
-8414
-74095
20874
-58222
-44932
-9968
36095
46112
60080
22471
-31835
-12117
22041
29575
23672
30977
33247
-30498
33003
45818
-73264
59295
21692
84669
-93131
63567
4561
33298
2076
-21833
2366
-54567
61985
-91035
-90504
-81532
30657
23294
-96815
64058
25290
-80364
11574
94277
-95793
-26113
-43797
-15294
-44118
64705
62500
-8912
55280
-53926
40092
29463
-63488
99434
-11015
43481
22331
68762
-5389
-99902
99024
-2903
-12572
-24857
77942
16456
67677
26323
-33699
-74710
12592
1432
-66812
60233
52996
-74220
-72554
33829
90209
-91071
4576
78610
-18808
46363
72407
-44113
-1004
71545
57277
-51025
23466
-38089
-22228
87490
-26996
-9757
-70546
11904
-56316
35736
75729
2420
-67606
-25221
-18497
7615
61579
-38978
-73779
40703
-78629
-80550
-40380
56965
51810
52600
24181
35108
5545
12428
-83313
-47416
-2711
-66041
-67036
-24621
-64854
-29694
33690
-83925
-56282
-40549
-97568
81794
89842
54016
82181
-87421
-46220
-35963
-45927
-46553
13200
28603
55625
-18298
4577
-22790
-23369
77993
-31228
-13458
72514
78013
-97050
-67937
-75661
-91884
-40475
25396
92359
64801
-60735
-52278
-90588
43022
37838
-19046
95894
88968
-75728
-22529
-4514
18523
88046
-51513
-53449
-87732
-62655
-79574
-32412
64504
-1168
-68276
13893
76724
22540
57795
-46568
24217
70450
-2207
98636
48207
-10225
11309
56653
89088
81567
-5154
68731
13110
-70629
17066
-17875
-15850
14856
-33176
-41661
-82317
-54234
85529
95884
22026
51921
84092
-57753
-35045
-9495
49062
-60369
48942
-77449
19318
58341
56350
-78199
-86294
-33964
-92077
92287
33057
-91454
70313
-15916
24395
33872
-64337
13275
4318
22115
17762
-17861
61466
-42008
40821
85679
-42245
-91552
31041
-43047
-27234
-36961
83810
-1093
-28768
41844
-81836
70592
30308
-85807
28765
-97764
-9469
10687
45274
-73160
86400
85497
-32125
51616
-11555
91688
95797
81463
-57567
90202
1904
47223
43842
-16392
42790
-40890
-71361
-28334
-37171
54421
-99799
14876
385
-66497
-98505
-20876
65510
-68826
41271
5061
76855
77792
-51269
96001
40411
-45047
-79496
-10322
14485
-51605
80908
-29738
-57528
-63045
-72357
-40670
26668
16826
73244
-73275
-4938
81220
-43747
-41704
33164
38966
-69244
11058
-24232
-61087
-9703
54372
25053
91642
37076
-16691
83194
54030
-4844
33008
-43087
64571
-22725
-70731
-72318
-42782
-26469
45403
49599
27712
72286
-14941
40338
-93579
-77845
21931
80387
-48388
-18665
-6688
-82923
3763
-35315
24140
-16279
37542
-42515
-14882
29361
83738
20551
22630
-16775
69326
-62496
50279
-86978
-13865
45992
-36803
-18154
-51165
92399
-19862
-77117
69996
50537
-96846
-43542
8847
-11861
-85936
44314
-11545
14132
15162
87227
17467
32243
95754
-24567
-83402
-11297
36510
-17012
65505
-52486
81027
-25442
-4314
93710
-84240
-37742
33265
33530
44551
45306
2319
30827
-32659
10996
42730
-58272
26500
-49713
81834
47626
77356
16523
28774
99498
39963
93620
-35935
96223
-64962
-62562
93960
82488
-22957
83392
-58836
47122
33334
16357
-7366
79613
-64039
12359
662
-63599
48765
-66366
82893
-24886
44908
78625
-2642
-86116
-92187
-54623
51786
-70070
82486
-14877
63195
72036
-31042
74148
-56733
98693
-5027
-19733
65965
64198
56100
-56777
86304
26756
-67306
74622
67912
45099
26969
-88748
-6634
-89651
-60234
53720
-59695
97012
98193
16863
18596
94580
-54596
83713
55340
59554
-17395
45413
57401
-43823
-69581
87667
33444
-8711
80625
33671
57742
-18165
-77780
31700
14632
63752
45858
15732
-67407
38737
19188
87190
-67703
47888
36298
-10236
-61766
-55144
-4035
10904
-69881
-5059
-77751
-30775
10251
41776
-65555
81819
39746
9873
76614
60487
-33567
-44888
-38057
-58904
95301
-24859
-81025
-33650
-55556
-9923
-31138
-18152
-86203
-46763
16022
-74897
-92455
-36055
53453
42175
13101
-89921
-40720
-32397
-47768
42074
84274
36963
6560
4383
57154
69253
-26961
61045
-68946
-27339
-21976
-28693
-49825
18793
-97166
-52388
20692
-21782
32911
37879
7980
43982
-66252
7494
-39516
-9314
61186
-26956
59562
-80948
55246
13047
258
9002
71790
74043
-90590
8931
96758
7434
-28604
48436
77841
-71318
48811
-62739
68776
65011
-10687
-6163
87870
-44510
32668
89197
45497
71551
-71301
74007
2951
-28773
-92138
30199
-31004
-53007
-432
-45820
-88698
82464
-37695
-12166
-62968
42869
-75868
-40048
-14185
-201
-29656
81078
45556
-70413
96877
-11017
63610
93144
-55966
29944
-70846
-3233
32329
60998
54453
49433
83452
-6500
-95184
-61451
-87738
59401
-96488
50559
-70571
28444
-67950
44950
87053
83143
74306
-5123
-50970
29899
5762
60702
-2518
69124
21982
38843
-77586
29929
-82839
-33990
81390
-22566
-61743
50194
-68311
-36968
-17021
54860
71482
-76523
36761
21609
-56059
-74299
-91720
84825
-15873
-64717
53669
-57380
-97276
94486
98700
-31053
10749
59375
95626
84773
-37955
-59844
-79380
94777
-56924
-20808
7023
-76505
-65992
-77505
62686
-45219
54272
18672
33209
-46998
-82790
22518
51958
-77583
29282
-87514
-34041
-41951
-78245
-2725
-12849
-57730
-80002
-65341
84894
42533
-76270
-29507
-51953
75868
59264
-59580
43230
52195
-91640
4409
70820
68385
-74837
-42654
86017
-11296
-40851
33124
4517
29620
-35586
80337
-70124
26532
75190
-15618
-25761
87821
-58737
-44775
97482
2557
-42910
-57476
-15159
43285
-1881
14650
-53952
-37565
43484
18981
69254
-45447
-70657
-95634
-42880
-5872
37786
27588
-31811
-20308
93165
26187
22221
75474
49905
-61906
-72788
73402
-7790
19108
-44626
-19086
-19988
-21512
-35812
-64961
34786
-23805
70668
-55859
9823
6235
83801
-99104
39610
-75736
77473
33617
3741
43079
-4393
-90711
-80582
93567
53899
45279
-49438
-82924
-52895
88943
74202
52587
-8578
18725
22211
92014
-88246
56791
22678
-67254
78879
-36214
89103
85470
70165
-43642
-33757
-47396
-83144
-7475
-9786
11418
-75691
6881
31175
69444
-86128
91022
31831
-93978
57114
9290
-77369
-56635
-38078
85526
73959
67799
60186
3882
17220
27575
37357
47002
-65981
76487
-65377
19667
14492
-86716
-82622
-6877
59993
-50240
15221
19351
80051
-28523
8499
-6316
23057
-94212
38265
72121
-98169
-52577
-9935
-25859
-57132
-56260
13002
-92957
-40061
-649
-99755
82088
-64914
-87240
91971
-46753
60192
-47662
2675
56832
-96698
94186
13620
-43166
-96046
-35084
-4919
-52149
-58802
-27503
-53108
-46966
62281
59839
35205
-23876
-82149
4970
81555
57794
62304
58501
55858
-71439
-88484
-25345
90838
63364
65036
-72555
7913
-22426
-87845
63202
61096
-24839
-28764
32894
-21029
27436
55959
88474
-52501
98024
-54997
8958
-88894
-38697
60316
-89609
-9822
-32960
-56266
-9169
-8563
-52644
-83501
37690
54852
85540
21889
-73703
-38420
64011
-17540
57203
97712
-66798
-74597
95736
56020
44083
98123
-31849
15582
40347
26977
-30902
76686
7399
43994
99127
-26136
-29819
36160
-23093
-67991
-87122
91683
-9306
19018
95063
52562
11324
-85793
-32666
69370
56596
-24443
-95205
87821
-25599
-29735
50433
-79691
-73071
19212
82389
23047
72701
-61202
-52239
53055
-21119
-30686
55551
37202
28443
70685
-30650
-61446
19153
-7026
17822
-94556
88882
-17163
57103
54863
79531
-90265
24148
-89478
77484
-90302
85027
-38534
-7693
10121
7216
68772
-26770
16665
85825
-60635
-74766
-10053
-2055
-71655
-35500
88497
-98489
-92834
-31436
8874
-62804
12076
-94799
35137
-11035
-30613
44006
88866
82818
5645
84601
-75969
43892
-56646
62566
-42919
-61416
12982
-22205
-95545
66667
48953
-41791
-87643
25792
-16255
77295
57480
-13388
-72277
64066
14101
52920
-75317
-49943
-97041
98037
93724
-58888
-49894
-78425
-89719
-50785
-24963
18873
-95622
-42394
27421
-85336
-12901
-65111
73920
-50857
86514
12647
-18934
-57756
-78578
-5988
31308
-61182
35496
80684
5231
-88695
-60858
-16984
31814
-14694
-67514
1720
45903
66206
27158
14227
8960
18344
87714
89026
76860
-6575
6347
70797
32657
26562
90112
43072
-8624
96333
-14747
44912
-69559
-81611
51459
-97833
51588
16600
-47326
-88266
18098
1640
-90832
25729
-75814
93979
-16241
91641
-29116
4754
14056
68785
80255
80030
-47673
34312
31149
-64006
-46685
-73974
23850
-79446
70543
-15524
12587
-97571
-91459
-54866
-8351
22153
39136
-63536
-69473
-76872
65887
34893
48934
-82538
33663
61584
-21632
10621
1739
-28311
55125
80096
8321
4984
81709
-53087
-33222
65152
90457
-50391
-44933
-94187
-13838
23029
91176
53082
12900
58183
16662
84681
-33035
-81408
-80861
-22261
28900
9678
-23535
61850
-86669
23329
60356
96097
38830
47863
-61137
85862
8017
-40828
-39651
43174
35640
26311
61201
72228
80392
-32279
-58395
-26263
-93093
-60124
-60236
-93627
-39943
-73048
-75015
59876
-38923
23142
-92240
-63920
26414
-66656
64551
-6895
-93814
81472
75338
-14597
515
-48941
61022
85567
-45525
58144
-29635
26292
53605
39479
-86171
-22918
17271
73678
26189
71591
-73886
-74608
-51287
-35147
8303
-38629
62488
62300
7488
-63336
-42523
-47204
-88254
56781
-82980
49247
-38031
93886
-21671
6988
-7861
87091
56806
42097
-26686
-17295
-9580
87343
6624
-76115
83
23650
-69553
72083
2113
58000
19128
-91016
93057
-29529
50401
-17391
19120
81719
26809
-54622
-97648
59862
-74690
-36573
-67316
-23356
-21851
76165
27518
83077
98464
21445
91345
26442
63754
-93148
76530
26352
34229
55410
-13424
38269
62388
98692
28755
-4226
-51660
-20806
-37886
-60025
62681
-31696
-45792
56377
94893
38245
2815
-11048
646
28286
-8438
-2556
18502
85080
54018
-84963
-39699
74044
-98922
-50493
-85822
20018
96802
-12375
-75102
34378
3215
40108
66190
-49850
-5948
-88573
56559
-37032
76965
-46624
69111
72019
44665
83838
-23360
92115
81282
-9340
57118
-3216
43348
-63516
49797
3565
-28495
43080
2021
-63280
-92105
-58635
3703
88145
2097
-24646
-29932
80273
89759
-10216
70360
96561
-9011
-61071
8075
-1320
25473
-30367
-80926
-48786
12684
97501
-61576
-11830
48885
-78544
-60007
35617
-1155
56623
9102
-96498
-6499
-20920
-98488
-19800
8106
15554
29774
96281
-30651
-29346
50836
16964
6049
81035
-64429
6016
43293
23163
-40535
79382
75153
-17316
-95007
31634
70255
-14867
18624
80448
-72828
20740
73827
-55679
-52711
-58456
93063
54626
67722
-24276
-25215
-23050
22451
-57565
61016
8638
83181
6974
-91759
-75998
96906
27701
19228
-68895
-46490
-45476
74674
9511
-69641
15857
33305
-6403
68731
-57113
18052
49303
-22237
-65148
82220
-8171
88717
92192
73185
-97990
-96711
77520
-80258
-35280
98933
-95660
18617
54212
37504
-69551
-67607
-52623
-92409
61860
-36860
32395
43813
-67874
-87314
95966
43685
-11091
76473
-64939
-61248
37702
-33182
43730
-88906
10824
58876
-32893
-53478
75744
83623
94755
5610
-37932
-5592
53993
53290
-42914
-64116
-48322
-81987
-32410
75887
17333
67125
3539
32870
87651
12576
72473
32789
-7101
-15356
-37686
-58368
-41669
-67981
-55727
-20560
-8199
84353
-14511
75946
22402
69042
-28886
-9418
-65145
-94716
48471
58163
74229
42956
-61095
43708
18130
-12261
26309
-78421
-4457
-93986
-87043
-43795
86878
81550
12143
72317
66791
-31404
1069
-1581
-45551
45462
-57529
-35258
22241
-91405
5068
-51929
-60517
82690
23307
-99604
47613
-88024
58539
-27740
27385
80513
-29292
67474
-26368
-47320
25191
27278
-36384
-6594
-91028
98010
-69237
-12175
69075
-21202
-49141
-19600
-48435
89001
-93673
43413
47110
-70229
53870
67057
-82206
27679
5913
-36194
63371
22661
-66323
-12497
-77505
-72679
-55826
88976
23104
-35371
-99546
57280
85126
85168
-48339
75008
91968
-34198
76394
-9237
82043
-81157
-44336
-48384
-63302
-64923
-27756
-65521
20644
-93421
-90002
-80672
-85776
32379
-70523
50722
-31999
-26841
87576
4410
58975
15636
1128
22456
-93067
-61242
85308
-86445
-51738
-9379
18237
55201
-3504
47133
70007
-58050
29677
46412
-41474
-11284
-29530
2222
-16506
-23887
34273
-84511
-11524
-97827
83476
70672
-90738
-30761
-47041
-87307
-77440
86473
-21580
-83437
-74953
74102
-24131
95318
39613
-64671
60828
-49313
26511
64946
2191
30161
-32727
-80151
-75331
49272
-33945
-91353
-17558
-72496
-54479
30722
-7105
-1504
-85921
-86229
-16159
-81893
-79369
-21238
14843
-16353
-44179
-48667
-28675
16120
-77376
72415
-92178
36331
-15923
70445
-99646
-89317
77884
30001
72048
11556
85753
-22949
70559
64817
44759
-6714
-95460
16347
5444
-55640
-23492
98247
-88245
59671
72314
-57677
82017
23636
-8253
-20355
-4475
63498
-99795
-6928
6659
1355
18413
34115
26145
36763
-12865
-61314
44133
-97493
-22469
-59736
29911
-48467
31080
69598
-7946
1723
-9121
16538
-46861
-42720
-64404
-27036
-56247
62314
-43312
17406
-35010
97588
56989
-8024
32854
-24531
-13067
-20185
-76352
-78936
-85909
-386
91377
-74294
-85220
43361
-82941
-90076
70636
44511
24108
5164
8638
-17783
-74807
-36847
36161
77098
-38802
45316
78247
-43681
37640
-71866
-64494
-96114
91118
85404
21571
85788
24987
57952
57630
2259
54218
-787
82358
2520
41622
-46585
74678
39192
77104
17654
-75986
-57324
17312
99083
91832
-14225
-34845
79984
33379
59537
44946
9193
22786
89202
89886
96481
5807
93800
-2320
65621
10704
8385
49979
-72197
570
-75204
75550
5976
34279
71932
48312
-25884
-45063
28520
-14935
-15959
-73399
-74248
-53485
72152
-80182
-68702
86202
79240
1418
-16730
90224
-17222
11194
9726
-18263
-66708
-36310
-14927
-21287
71843
81271
-27758
-25129
31881
-69011
-80282
-54875
-21808
67355
7787
-17514
-85309
54726
68225
-38275
58860
27949
66945
-15781
62507
-69395
-25176
17408
61
-60988
35031
-85612
56794
-16433
39875
72668
-25684
68419
-12093
-19982
68787
37532
-45629
97676
80020
64361
-45871
-27891
212
-99311
-68362
61092
43850
41074
19062
70882
55698
46383
15955
24800
-44229
-12959
-24090
-41163
69166
62826
-65351
-9201
60272
62890
-69525
73972
71861
49366
6203
-33036
-98685
-57118
8271
42523
-69878
-10207
-85586
22995
-80536
-16244
-38144
20116
49324
10508
4421
-58785
7022
74629
-57984
-68743
-88589
-84118
62840
-87106
-63232
-84771
-39497
-22459
-8343
-56783
47244
28143
-13377
41466
-12889
17260
83437
-53756
54207
41218
-98552
55991
-83029
-40362
-6669
93128
-12205
50895
-66571
78971
15747
-58711
85161
-60898
-53962
35037
9588
-97987
-39490
75898
-82453
4475
67405
-72271
-21752
-14016
-58818
-51680
63117
61345
-35984
-7077
-42358
24760
-29213
71160
-21891
-62201
35328
90634
-75561
8331
-38572
-66047
-19432
-99301
12107
12587
60117
-51860
-75335
-98087
-99782
86868
-5762
59820
30771
-930
68054
50387
65958
55783
33556
-65509
-30941
91913
-67957
-52387
55242
-13533
-32856
8304
-33613
928
-6957
48910
-10525
-8834
40381
64733
22165
58150
45846
-76244
58244
-94828
95457
-76249
57521
-67732
38498
84644
76954
37322
-53601
44296
-79262
73311
-73560
31005
40118
17540
-36870
-95049
-45345
69747
71985
95833
-5621
49247
-50462
-54096
-38940
-71013
63855
68956
-3776
70067
-79363
-54075
43452
-83696
32279
71992
63124
-28067
76603
-42075
-42192
-28941
-39891
-77166
-65501
-9527
9220
-74974
570
-56641
50658
-27065
-6948
-22796
70864
23943
-57374
75013
-75141
18680
40963
90628
82050
87522
-1272
-53437
84236
70887
32564
95617
-22016
-90587
-24250
-33229
2770
62907
-26802
-37284
5671
64982
-64290
-29133
-53593
-82269
89359
-9119
12772
19408
-90693
13478
79094
69860
29674
50555
41608
-96991
-83998
-27667
13344
71858
26364
41421
-44962
-55866
65358
-4798
-82639
38732
36359
78413
52709
-44986
19207
-49898
31012
72753
-73584
82097
17712
86818
-21436
-31977
26773
-3625
-24913
-10538
-67744
13724
48924
56970
59670
-54402
35250
9512
-4790
-20732
-47225
-69782
2028
18448
28672
-29308
71234
23623
-94760
45050
50618
-12945
74127
51604
60160
46530
73415
-78215
54828
17801
90155
58437
-16316
-24040
-648
43501
-27548
-11075
92580
-81161
79026
9118
-58252
52760
-34376
77841
-87888
-22529
-23343
-19196
-99793
-82121
30549
-87804
-29777
83173
-53373
-96949
-56171
50564
82399
-31756
52006
65248
-68698
17894
-82049
-52111
96487
38677
-46456
64709
-83785
-63461
-38962
59631
-97364
34986
-44430
37907
45415
14818
44785
19729
-47636
-88926
-76477
-59275
-84037
-6372
-18641
72675
-74945
-47953
78029
49207
55409
86406
96045
-54566
-72708
22269
-55003
58404
97741
86318
75955
-84117
-99982
19998
72061
-42343
-31593
78056
71383
22475
32744
67567
-63941
87005
-36067
-33496
-92034
-53223
-63257
72021
-60995
-52322
-76060
-3339
-93389
13728
9050
1632
89674
-26881
-91462
-60234
-26182
-2976
33648
-75556
-38912
-13996
3321
75018
4114
-7383
50883
54899
86038
-24743
27845
-57082
-18586
40117
74520
7589
84745
-33819
-68575
-92825
43996
35380
36614
97814
27450
-2156
66643
59812
-3462
-94176
76205
48731
39342
-868
60667
25447
51800
-24565
64846
-15850
61860
27822
46833
-18126
-14742
-14673
-13640
-3884
53796
20096
96002
-21236
-95626
83520
-88335
31756
49504
-95787
-32230
4233
43149
79878
45448
-48615
96864
-80731
6908
31906
16774
-76343
44196
-42962
94060
89905
-6167
68574
-24653
-56456
-68731
13792
-31900
-5804
-35082
-38680
-13944
9785
-6372
94328
6385
87753
-86221
79306
7847
36408
-19345
-2914
-9767
54327
-98449
41499
61060
-61937
-38225
17161
95197
-11425
-41685
-45320
34730
66004
-16083
-62871
-49584
-59094
63660
-59322
-29980
-89282
-85603
78560
-43292
24886
-61447
54755
72452
19558
62741
88784
-77985
80384
-33357
70233
-16650
50051
-61246
-38860
-24000
-21625
-35226
55843
29390
-19698
-93899
-69500
-83820
3488
17170
-76739
83148
-99667
80527
39486
88835
42911
80194
-6137
-69503
47903
-67767
-12627
-65262
-42021
12809
-42726
6537
60510
-67030
-44396
-95516
-39808
-71722
36423
71628
-8691
-30047
-12876
60325
-72589
97993
-51640
-55254
87481
37684
34636
71780
59584
-49822
-55107
55599
72250
-31882
-73285
41678
6416
93428
-11989
42986
69258
21490
12137
-48331
67660
-56814
92212
20077
66517
-6787
-96119
3379
-54655
43702
-70892
18014
78474
-62864
75928
51014
-44490
-64262
-53864
12571
-90077
-15943
-92988
39749
-69217
-79855
-24797
-81490
98453
68359
-45847
-69464
56782
-79697
-17672
-50104
-16426
35344
-78865
99545
9618
50402
-54999
85552
15206
-2992
-91972
42765
-30129
-59060
26207
98960
-77564
-27914
-76148
-36348
-58231
-24202
-19184
587
28137
59181
87760
76964
85080
-80192
85696
-32471
90822
51187
-24252
-72741
87233
-65882
-89910
-84730
-63540
-6857
46485
-50518
68387
9737
-36311
78077
-6247
86208
-9857
52891
-11823
-54369
5982
16749
-28370
46273
-55066
87445
48829
-27537
-85288
-25510
40665
97290
-37067
92351
55427
17427
60880
-61211
-91978
-58750
-17989
-67203
24002
-88952
60080
-86294
50974
-79819
47817
18486
33662
-93279
79796
5172
62484
76040
-41400
71346
-17958
-41099
2034
14889
-29691
-39140
-22454
-69953
99387
-28648
-23735
85722
28103
-66285
-8160
-67346
-97202
-49873
-52301
37292
1586
-17908
-23409
-93340
-56317
63921
-80420
-14573
-74904
-34107
-34737
-34651
-11863
-76608
37952
54633
54209
-2633
27317
-6421
-79997
19253
-34346
-454
-38736
90563
-17328
53234
-23341
95176
97412
-34192
17950
38956
82211
63809
93826
30734
2179
8330
45539
31719
-97897
-14159
57761
87614
85466
-69637
91404
49032
-8761
44107
-78118
86732
10645
-75232
30636
97117
-38069
-12859
-90029
58046
17725
-71832
31618
74062
-29720
71940
64233
55338
92549
70733
14363
-93891
92090
72499
-355
-95483
-20622
88027
-52494
-3890
2822
26943
-77634
-84118
636
-42084
56091
-47475
84867
-27055
-87736
-43713
-54322
-67574
-59979
-38927
-48437
19701
-33973
-77381
17237
42807
-35655
40352
50752
-29893
77131
-64261
-20164
-1958
-83964
91157
-81918
29527
45752
-63004
-92669
89340
21772
-11094
86547
-47264
50791
69578
-69655
-66355
7892
90778
-29536
55121
53113
2341
-7625
-88181
48031
58866
-58284
9640
-29447
42577
79071
40731
97203
414
-89726
-37319
-21732
66238
94096
35528
13129
52223
17044
38248
-34452
-54496
4079
-29056
20582
82495
-12671
71960
57202
-85723
11726
-67218
87858
-30797
87790
-42380
-30611
-3561
24664
1764
95094
-51715
-1264
-49598
-48194
-76978
-75702
48551
-17615
-75899
-88083
22612
97586
69235
-4458
-12585
72392
-3441
75581
-35878
75232
20115
88912
-15760
35330
-9218
-27221
60619
-76247
-91332
30358
58513
-57858
-59979
43987
-28649
-64424
63493
-66624
21056
30897
5699
72517
-56522
27581
99489
28349
94460
28676
12922
8299
47925
-59228
-3362
90999
-11860
-52795
-79859
-63240
13724
-31788
-89200
37892
-79944
-94791
-75151
43052
-90784
93949
26675
13887
56233
-78092
58591
-43535
73919
71718
-5298
-86431
82195
38664
32543
-31049
-21781
-83714
-1062
95776
87636
-14622
73213
-32395
-23055
-53074
-86472
96576
68128
-88781
-69833
86269
-91896
-63235
69700
98025
96343
-79119
-18770
28343
31579
76520
72016
1609
-55873
-11838
-17943
-4634
-61819
-58931
-46899
29151
-41427
30215
32051
-59905
-91838
56673
19992
94710
-15433
40608
64342
9808
-99276
41139
63043
978
20662
-563
70229
-61396
-88195
-20054
91732
45347
83732
-19498
-35717
85752
97031
-48221
95359
81608
32983
18959
87167
-78796
83090
-63036
-49044
42510
92555
-14803
72927
15166
-8454
-86693
-76533
59988
-42752
11290
71211
23861
-28222
70015
-71543
-21707
-23430
91797
-24697
68501
27490
61363
57744
20444
62272
90184
67958
97079
76120
6058
88775
-12236
-14202
25399
38483
-1653
-71687
18921
-93626
26982
-68868
42891
-20197
4294
-44501
-87958
89698
-3290
89834
-66176
-3903
-35415
83598
93790
54028
62952
2762
14946
97320
-7225
96595
-38126
-96663
56909
-97337
73521
-43846
25102
-59702
-21894
77066
-92201
-48916
-54052
-29634
28416
97709
79240
-88093
59234
-11318
81595
74673
92849
-73448
-62371
24563
72757
-15305
62453
-19431
-22790
-4093
37892
-96300
-61572
-97515
33197
36193
77726
-3761
38678
-69297
53716
11016
-84735
28444
-65256
46796
31100
-68584
47933
97971
59408
-35168
91314
87784
67026
-77243
-66539
86037
-82263
36382
-32335
-92218
7282
-39443
-53589
84229
-51442
94327
-34360
-89687
57450
43574
91506
-19005
92255
-51528
34403
-67871
45800
-10893
106
-71829
-95703
-89984
-68246
81033
63309
-58766
65064
25335
80682
89291
-69694
-64012
-39639
8114
48597
-26277
-92717
31441
14710
-78923
-51160
4121
33335
49091
1160
80985
-84907
-51509
34734
-90532
14500
68316
48310
-93093
-76443
-1707
79767
-48409
17916
22546
-63472
-2008
89100
99821
29416
81669
86257
51764
89396
-13949
-67144
37087
47057
-55971
-72885
-90799
-66978
45744
87164
55156
-56977
-81936
78542
-27528
74942
64620
90375
50100
-50034
25650
8582
-36428
82534
-20531
30369
-24454
25967
-57625
8855
-40471
14069
-90739
2185
-97377
53409
-3316
-63073
-37262
32571
-74974
-38817
45574
9750
-91543
-40186
1302
-61567
39766
-87635
-12635
-40271
-9029
-65982
-9930
-8389
-22131
47499
-78567
38524
-30062
-57745
21851
25843
-15693
65716
-75656
90607
-80670
5177
82354
-2326
70648
86108
92822
58438
-72847
43285
-48232
89617
-17392
37210
-29579
-9265
98874
39866
-10627
-35271
-87537
35480
36775
52832
-54927
91207
-10156
14224
-61437
85128
-18601
29452
67153
-10259
-73711
16748
82214
-33785
-16054
43166
90419
-13174
14073
55272
-81002
-11090
38933
-84425
89981
-95612
-23942
-92349
-48100
60052
16429
3463
5699
-62026
37484
-53047
83039
-4189
-28385
55153
54259
-77852
34798
-44270
-2475
-63293
-12912
66596
-88339
-8202
59665
-31839
-9536
-47802
-44435
-8897
-70039
65932
95098
21106
92284
-14416
-19657
-11711
-14442
-75632
-55392
73913
4981
-12431
-64114
-39347
85546
-80579
91641
-47506
18709
82061
-19964
-40240
9955
-31530
33613
10393
82145
91430
66860
85646
-42130
16321
56620
73906
747
-97319
89492
-38750
-64214
-50946
-20260
-99554
84834
11409
82507
2858
47248
27926
-75341
93218
13373
15535
-57050
-98708
-20861
63185
91792
-21154
74802
-34280
-74004
-25614
-88777
47642
-99737
40633
-52070
-26072
-15860
-24601
-26798
-40381
96338
74148
-52388
84559
51147
51548
-9822
36585
20141
91755
-53956
-20349
44015
-42048
36847
14671
-56386
99362
89596
73700
-18087
-6126
49738
-21031
28766
-93584
87463
-44379
8294
6434
17145
36650
-60742
29901
-69240
60946
89532
9107
-13570
91434
-41615
-15642
64772
39535
-91381
-41953
-96050
-66629
-16732
-69465
31334
39639
77043
-86659
34884
91793
-40532
572
-14182
-19948
87059
-81544
71344
-80910
18458
44576
-83518
79346
22430
-95622
-56405
-1485
7266
5584
-70247
-58965
-8551
-84935
-84103
23601
43567
-37719
147
46013
-62163
-81544
64882
70742
-35590
-76215
-52954
51257
-54111
-2200
39848
42022
53495
-30703
36230
77082
-73728
-8379
46685
7272
3769
63595
-65935
-73925
-24553
-94389
5970
-876
-50170
-59686
-61580
-9080
22601
-78510
20713
44957
93829
-48132
46396
49155
-68521
-6277
-86981
-63299
36224
87509
70781
70437
3495
68377
-3574
92725
-59325
14737
49860
86154
29196
88524
-98611
34346
-97205
60507
-72042
22900
41803
8620
-4772
93019
-9641
-66025
-66192
-69975
-67288
-60901
-86492
93115
43699
-81498
-56396
4911
19612
76475
17442
48693
-80492
18056
71295
-25344
90174
63069
42016
43000
-6067
81324
-59009
-80405
33418
-22765
18467
-17327
12194
-96159
-82164
-13786
-29494
25325
-69222
-9781
52436
-61082
38526
21588
-63938
-44317
-78602
75322
43126
-49459
-20726
81007
6428
50497
44603
-89161
-65823
-16512
-15535
-54200
-52016
17344
44381
-6797
36755
63320
50111
-18872
62357
99335
88569
-7614
53048
-62510
-33390
-653
63549
-11298
-41236
21490
1088
78221
-62661
-97239
42772
-25200
94089
73626
-19163
-53799
50328
57933
99136
-58573
71749
29623
60989
-34677
8132
73138
62453
76981
93101
73324
74036
-19989
50995
-36845
50614
24509
-80456
-77114
-88457
17705
-91563
-91322
-70294
-19593
-24387
-47881
54043
10163
-97704
-9750
-9905
-99854
37588
-91521
87218
-59636
1856
-50022
-39542
17220
-12188
-30226
38195
65608
79934
64716
-17159
71001
93600
-98004
-80737
48411
61718
50244
63087
18960
6303
-78229
68643
59096
20406
-39452
-28531
86655
59485
6769
-56954
-32942
73493
39304
-26372
33434
-16325
71536
14888
80154
-25422
49523
28656
-17174
66632
26222
93535
65651
-42060
94791
-17864
95302
-37836
63987
21235
769
-99446
47905
-48211
69114
-70581
-93558
70963
74546
-35040
45869
65667
90371
-92399
-11945
-11205
-23938
18762
27486
16531
63189
22969
-87754
73803
-20402
99614
64015
28391
34400
-70761
-11030
28839
-91201
-51461
99634
-25146
19061
-54561
-27309
84974
-50960
-88198
-20789
-58211